1509
4914
1250
1713
4049
5651
6027
3834
7262
3686
2820
1210
513
1516
487
576
8827
9063
2455
6240
3355
3338
19
730
5049
1277
9646
1957
7896
7801
6289
3914
9101
9200
3912
4908
5676
3649
6300
8696
8382
3485
6029
1608
2362
6940
5279
1084
461
7991
5399
509
4102
8028
2304
9056
2794
5266
2487
872
1923
2236
4397
8343
1285
9874
6975
1175
8910
1482
9170
7051
4710
1355
6682
8972
7152
9038
2316
1369
5044
8009
157
8342
6968
6751
4957
6252
4656
3282
4607
3080
9766
9068
1915
9176
2239
8499
8180
3034
2067
4386
1142
4541
2030
7879
7566
8574
668
9239
8266
9190
8731
1328
3455
3487
8570
8612
5493
8313
7477
8280
4993
3033
9932
4484
7374
4851
5665
858
8284
4436
3251
4504
6221
5156
4721
4248
1702
6340
7500
1616
705
6850
8355
408
3194
1483
5466
5205
1595
8847
5820
1550
1618
5406
6486
4731
3790
9525
7150
33
7235
1576
9655
3550
8961
8898
4190
9485
7398
8020
3122
6273
4016
1527
1758
5527
4023
7934
6967
1737
7093
3519
9334
2072
6261
4879
9975
2150
850
3723
1730
2039
5440
2412
3149
4046
106
3172
8921
7332
8681
1372
852
554
9362
7063
9083
8072
9335
2215
3061
7405
7625
7854
2935
9608
211
7907
5702
3123
971
6088
2664
2465
2885
7072
233
2310
8683
2360
5922
7162
5062
6309
8481
921
1393
3615
9085
6620
8466
1593
3860
8107
3889
252
1318
5198
5747
2519
4326
8080
7938
7743
3131
2943
8283
2213
7522
7736
833
5605
4751
7670
6400
6861
6753
4734
7464
9574
1817
6248
5559
4514
6800
5193
6829
4217
3319
8694
2464
9115
9100
6482
3352
927
1877
676
2275
9173
5214
6363
3100
3412
8205
5050
9161
958
758
4519
8535
4698
8446
7952
7475
5447
131
3787
8771
9308
1018
6350
7876
4704
9277
1253
4140
9391
217
1009
5274
4516
7829
5950
4513
7388
3231
6517
4553
5595
5711
5822
9546
4582
3960
5181
1297
3043
7825
8947
7621
5903
4947
5405
3143
8122
1688
6959
3011
462
724
1851
6483
2145
1095
4950
1768
6408
1606
5289
394
5269
8119
8990
3399
1498
7727
8074
6768
2771
8207
5589
7454
9171
6897
5331
4801
8136
8575
5927
2910
8720
1261
4398
6561
7282
8965
7019
5082
7888
3643
3079
9715
7348
1479
592
710
410
7539
119
2069
6808
7498
2245
7315
8127
6855
7889
3949
5802
7792
9203
315
3047
3921
6492
2574
3006
3973
9593
5940
9233
7146
1941
1310
3305
7267
5794
3151
8824
4343
742
2055
5071
8985
696
2018
1726
2012
4438
8794
6962
8069
6843
3570
9685
7201
9657
567
5785
8296
8177
7078
7735
7417
9054
8458
3872
9829
4955
9857
7110
8614
713
8663
1195
5572
7198
96
2945
4423
9476
7485
1208
1795
2167
6475
2770
3529
8970
6101
5436
3053
7493
4338
7708
9346
7921
5304
4742
7166
5196
8581
8109
1429
5990
1144
2823
5250
2777
1662
17
7017
8081
2335
9049
1732
3125
6571
8358
1222
6271
4623
7949
9102
4982
7599
7396
4625
5202
3813
6410
5718
1458
4534
4793
7420
5492
9084
8782
3639
9499
1162
6062
8403
4122
3948
3257
1488
4692
8247
1315
6341
733
7853
6473
605
2458
5674
6501
4768
14
1383
7487
5272
6134
2189
9578
6085
3625
4919
594
8518
4139
4974
3130
4038
2492
9088
1010
367
2233
4288
4381
1862
3541
4833
4890
4712
7855
9312
6838
7713
3337
4672
3279
932
3148
6412
3021
5928
5309
3933
393
1886
543
8762
1791
7383
7436
6728
9783
2750
5786
7618
2178
1197
4123
2152
7850
3524
782
8922
2689
3375
4960
3015
323
5396
3245
9892
3127
265
1825
5100
107
3533
8360
1921
8001
1406
6749
9134
5544
8440
9765
5284
1453
8849
6472
6454
2517
7529
1220
9030
7259
993
5159
400
9828
2586
1501
1121
1056
8761
6804
5221
3555
1623
7695
8103
8664
4787
267
2288
9696
376
7301
6216
1544
4521
3396
349
9893
290
6372
1438
7882
8285
8137
1660
291
883
2737
965
6681
2876
4816
9745
10
1103
2522
8305
7077
1569
5502
1880
6070
2075
9535
6120
101
447
9832
212
4975
5053
625
1671
3520
4130
8187
4475
4588
809
12
2287
1891
7636
871
5379
5770
7737
1747
715
5155
2748
7961
8384
4220
7920
2625
2627
828
169
9548
2108
1113
3205
1672
1090
550
4210
9917
4191
3684
149
4506
6249
4048
3057
2707
5998
2483
9212
286
6182
8304
3463
381
3007
6045
837
2406
416
1408
4891
5798
8503
1568
5333
568
6906
7930
8764
7430
76
5128
346
7701
6231
9767
2045
3574
5206
8148
1746
9644
9989
1071
2955
5653
1247
7047
5638
4562
6717
3325
8699
3434
2932
1965
4942
4271
8235
2611
2392
3509
2846
2540
4900
914
7793
9753
3767
7640
9712
8743
1530
6163
8555
2867
3465
4540
8281
8701
4995
1147
8278
6210
1558
8174
457
9096
3646
3065
8999
2602
263
4549
259
7471
8463
765
3668
4813
5323
5795
795
9896
483
311
2531
7749
4047
7770
2273
8084
6879
9275
712
4113
4294
6755
8776
5703
3314
5731
135
4640
9018
3077
1002
2742
5580
1794
8834
2114
8489
8447
3145
2025
8583
1402
8895
7016
9148
1076
5381
5576
5098
5826
6512
6449
4822
5414
2036
4112
8142
9729
20
6100
9974
9475
6496
2498
4252
3782
4929
9420
8517
6321
7606
8881
6001
1543
2753
2447
9833
2802
3755
2991
2157
9834
6423
9683
4606
6939
8791
8178
7654
8239
3597
292
3704
7399
6209
1740
2894
3393
2954
8218
239
7169
8000
6365
3708
4372
8940
3
8336
3060
274
9419
7642
7936
2375
2210
5459
103
6325
7742
3776
8611
8846
9142
9930
6498
994
3934
6478
2874
6117
5814
4337
248
4098
5398
9515
6080
2973
2609
5213
6161
1026
8267
6590
474
8605
3392
3887
866
2029
6687
1145
586
5351
9701
